tcs_2f_room_240_NE_office: [(-787.0, -479.0), (-764.0, -479.0), (-764.0, -504.0), (-757.0, -504.0), (-636.0, -504.0), (-638.0, -277.0), (-788.0, -278.0), (-788.0, -479.0)]
tcs_2f_room_241_NE_office: [(-630.0, -502.0), (-481.0, -502.0), (-481.0, -277.0), (-630.0, -277.0), (-630.0, -502.0)]
tcs_2f_room_242_NE_office: [(-474.0, -503.0), (-333.0, -506.0), (-334.0, -482.0), (-324.0, -480.0), (-327.0, -278.0), (-475.0, -278.0), (-475.0, -503.0)]
tcs_2f_room_243_NE_office: [(-320.0, -479.0), (-308.0, -480.0), (-309.0, -504.0), (-171.0, -504.0), (-169.0, -276.0), (-320.0, -279.0), (-320.0, -477.0)]
tcs_2f_room_244_NE_office: [(-162.0, -504.0), (-19.0, -504.0), (-19.0, -278.0), (-162.0, -278.0), (-162.0, -504.0)]
tcs_2f_room_245_NE_office: [(-10.0, -504.0), (128.0, -504.0), (128.0, -480.0), (131.0, -480.0), (131.0, -277.0), (-13.0, -277.0), (-11.0, -505.0)]
tcs_2f_room_246_NE_office: [(138.0, -478.0), (149.0, -480.0), (147.0, -504.0), (282.0, -504.0), (282.0, -277.0), (137.0, -278.0), (139.0, -478.0)]
tcs_2f_room_247_NE_office: [(289.0, -503.0), (433.0, -503.0), (433.0, -277.0), (289.0, -277.0), (289.0, -503.0)]
tcs_2f_room_248_NE_office: [(440.0, -504.0), (582.0, -504.0), (582.0, -277.0), (440.0, -277.0), (440.0, -504.0)]
tcs_2f_room_251_SE_classroom: [(595.27, -482.8), (606.27, -482.8), (604.27, -506.8), (883.27, -506.8), (884.27, -87.8), (594.27, -87.8), (594.27, -482.8)]
tcs_2f_room_250_SE_classroom: [(894.27, -502.8), (1030.27, -502.8), (1030.27, -475.8), (1057.27, -475.8), (1056.27, -503.8), (1355.27, -504.8), (1356.27, -75.8), (989.27, -76.8), (989.27, -86.8), (895.27, -86.8), (894.27, -503.8)]
tcs_2f_room_261_SE_office: [(1368.27, -503.8), (1485.27, -504.8), (1485.27, -480.8), (1516.27, -481.8), (1516.27, -502.8), (1571.27, -503.8), (1571.27, -372.8), (1370.27, -373.8), (1370.27, -505.8)]
tcs_2f_room_262_SE_office: [(1570.27001953125, -283.79998779296875), (1732.27001953125, -283.79998779296875), (1732.27001953125, -140.79998779296875), (1570.27001953125, -140.79998779296875), (1570.27001953125, -283.79998779296875)]
tcs_2f_room_263_SE_office: [(1738.27, -283.8), (1889.27, -283.8), (1889.27, -142.8), (1738.27, -142.8), (1738.27, -283.8)]
tcs_2f_room_264_SE_office: [(1899.27, -283.8), (2024.27, -283.8), (2027.27, -195.8), (2019.27, -195.8), (2022.27, -182.8), (2050.27, -181.8), (2039.27, -81.8), (1896.27, -82.8), (1898.27, -285.8)]
tcs_2f_room_265_SE_office: [(1898.3, -72.8), (1946.3, -73.8), (1946.3, -49.8), (1972.3, -51.8), (1972.3, -72.8), (2041.3, -71.8), (2033.3, 7.2), (2021.3, 7.2), (2021.3, 21.2), (2026.3, 21.2), (2027.3, 120.2), (1899.3, 119.2), (1898.3, -71.8)]
tcs_2f_room_266_SE_office: [(1695.3, -66.8), (1816.3, -66.8), (1816.3, 119.2), (1695.3, 119.2), (1695.3, -66.8)]
tcs_2f_room_259_SE_office: [(1566.3000488281, -68.80000305178906), (1690.3000488281, -68.80000305178906), (1690.3000488281, 119.19999694821094), (1566.3000488281, 119.19999694821094), (1566.3000488281, -68.80000305178906)]
tcs_2f_room_267_SW_office: [(1655.3000488281, 124.19999694821092), (1817.3000488281, 124.19999694821092), (1817.3000488281, 257.1999969482109), (1655.3000488281, 257.1999969482109), (1655.3000488281, 124.19999694821092)]
tcs_2f_room_254_SE_conference: [(988.300048828125, 39.20000076293945), (1204.300048828125, 39.20000076293945), (1204.300048828125, 350.20000076293945), (988.300048828125, 350.20000076293945), (988.300048828125, 39.20000076293945)]
tcs_2f_corridor_235_NW_lab_space: [(132.3, 136.2), (750.3, 136.2), (750.3, 349.2), (132.3, 349.2), (132.3, 136.2)]
tcs_2F_room_202_NW_other: [(154.3, 370.2), (581.3, 372.2), (582.3, 488.2), (153.3, 487.2), (154.3, 455.2), (131.3, 454.2), (131.8, 376.2), (154.55, 375.7), (154.3, 369.2)]
tcs_2F_room_201_NW_other: [(153.3, 511.2), (580.3, 511.2), (582.3, 648.2), (153.3, 646.2), (154.3, 618.2), (131.3, 619.2), (131.3, 542.2), (153.3, 542.2), (154.3, 511.2)]
tcs_2F_room_203_NW_other: [(-49.7, 573.2), (32.3, 573.2), (32.3, 648.2), (-49.7, 648.2), (-49.7, 573.2)]
tcs_2F_room_204_NW_other: [(-49.69999694824219, 446.20001220703125), (32.30000305175781, 446.20001220703125), (32.30000305175781, 566.2000122070312), (-49.69999694824219, 566.2000122070312), (-49.69999694824219, 446.20001220703125)]
tcs_2F_room_206_NW_other: [(-157.6999969482672, 446.200012207), (-59.6999969482672, 446.200012207), (-59.6999969482672, 647.200012207), (-157.6999969482672, 647.200012207), (-157.6999969482672, 446.200012207)]
tcs_2F_room_205_NW_other: [(-158.7, 357.2), (32.30000000000001, 357.2), (32.30000000000001, 440.2), (-158.7, 440.2), (-158.7, 357.2)]
tcs_2f_corridor_231A_NW_kitchen: [(-440.7, 217.2), (-269.7, 217.2), (-269.7, 354.2), (-440.7, 354.2), (-440.7, 217.2)]
tcs_2f_room_231_NE_office: [(-441.70001220703125, -49.79999923706055), (-268.70001220703125, -49.79999923706055), (-268.70001220703125, 210.20000076293945), (-441.70001220703125, 210.20000076293945), (-441.70001220703125, -49.79999923706055)]
tcs_2f_corridor_232_NE_huddle_space: [(-436.7, -193.8), (-270.7, -193.8), (-269.7, -74.8), (-332.7, -74.8), (-331.7, -59.8), (-436.7, -60.8), (-436.7, -193.8)]
tcs_2f_room_224_NE_office: [(-541.7, -192.8), (-541.7, -60.8), (-754.7, -61.8), (-754.7, -79.8), (-787.7, -78.8), (-787.7, -193.8), (-541.7, -193.8)]
tcs_2f_room_223_NE_office: [(-787.7, -53.8), (-541.7, -53.8), (-541.7, 80.2), (-787.7, 80.2), (-787.7, -53.8)]
tcs_2f_room_222_NW_office: [(-787.7, 86.2), (-540.7, 86.2), (-540.7, 221.2), (-787.7, 221.2), (-787.7, 86.2)]
tcs_2f_room_221_NW_office: [(-787.7, 226.2), (-539.7, 226.2), (-539.7, 360.2), (-787.7, 360.2), (-787.7, 226.2)]
tcs_2f_room_220_NW_office: [(-786.7, 374.2), (-764.7, 374.2), (-764.7, 366.2), (-487.7, 366.2), (-484.7, 498.2), (-786.7, 497.2), (-787.7, 374.2)]
tcs_2f_corridor_230_NW_storage_room: [(-479.70001220705626, 363.200012207), (-328.70001220705626, 363.200012207), (-328.70001220705626, 497.200012207), (-479.70001220705626, 497.200012207), (-479.70001220705626, 363.200012207)]
tcs_2f_room_257_SW_office: [(1430.3000488281, 132.19999694821092), (1537.3000488281, 132.19999694821092), (1537.3000488281, 259.1999969482109), (1430.3000488281, 259.1999969482109), (1430.3000488281, 132.19999694821092)]
tcs_2f_room_258_SW_office: [(1543.3000488281, 131.19999694821092), (1649.3000488281, 131.19999694821092), (1649.3000488281, 258.1999969482109), (1543.3000488281, 258.1999969482109), (1543.3000488281, 131.19999694821092)]
tcs_2f_corridor_233_NE_maker_space: [(135.3, -192.8), (579.43036, -184.78947), (580.42236, 27.692284), (132.3, 33.2), (131.3, -25.8), (134.3, -25.8), (134.3, -47.8), (147.3, -48.8), (146.3, -79.8), (133.3, -79.8), (135.3, -191.8)]
tcs_2f_corridor_236_SE_huddle_space: [(589.8, -52.8), (604.8, -52.3), (604.8, -78.3), (744.8387, -82.30363), (744.8387, 30.203781), (589.8, 31.2), (589.3, -52.3)]
tcs_2f_corridor_207_NW_entry_corridor: [(540.8, -271.3), (582.8, -271.3), (582.8, -200.8), (540.8, -200.8), (540.8, -271.3)]
tcs_2f_corridor_268_SW_open_collaboration: [(2025.56, 127.36), (2027.56, 357.36), (1330.56, 482.36), (1322.56, 442.36), (1321.5498, 266.3626), (1316.4341, 133.60687), (1419.9763, 136.44891), (1424.472, 265.3591), (1824.56, 264.36), (1822.56, 122.36), (2024.56, 126.36)]
tcs_2f_corridor_256_SE_kitchen: [(1430.56, -52.64), (1556.56, -52.64), (1556.56, 126.36), (1430.56, 126.36), (1430.56, -52.64)]
tcs_2f_corridor_200_SW_entry_corridor: [(969.73, 43.56), (978.74, 755.0), (933.71, 755.0), (924.7, 813.54), (753.6, 809.04), (758.1, 637.93), (758.1, 124.61), (762.5914, 39.043808)]
tcs_2f_corridor_200_NW_restroom_corridor: [(42.15, 358.76), (123.2, 358.76), (127.71, 646.94), (37.65, 646.94), (37.65, 363.26), (123.2, 363.26)]
tcs_2f_corridor_200_NW_corridor: [(-169.47583, 655.947), (722.0819, 660.4426), (722.0763, 791.0241), (-295.56018, 795.5298), (-300.0524, 660.44885)]
tcs_2f_corridor_207B_NE_open_collaboration: [(-169.47583, 655.947), (722.0819, 660.4426), (722.0763, 791.0241), (-295.56018, 795.5298), (-300.0524, 660.44885)]
tcs_2f_corridor_207_NW_corridor: [(-259.53, 142.62), (127.71, 138.12), (127.71, 349.75), (-173.98, 345.25), (-169.48, 660.44), (-264.04, 660.44), (-259.53, 138.12)]
tcs_2f_corridor_260_SE_open_collaboration: [(744.59, -69.01), (974.23, -73.51), (969.73, -46.5), (1064.29, -46.5), (1068.79, -64.51), (1338.96, -69.01), (1338.96, -55.5), (1374.98, -55.5), (1374.98, -361.69), (1564.1, -370.7), (1555.1, -145.56), (1519.07, -145.56), (1523.58, -123.04), (1879.3, -132.05), (1892.81, 111.1), (1892.81, 133.62), (1820.76, 120.11), (1825.27, -82.52), (1483.05, -73.51), (1483.05, -41.99), (1424.52, -55.5), (1424.5112, 129.11122), (1316.4341, 133.60687), (1316.45, 16.54), (740.09, 16.54), (744.59, -69.01)]
tcs_2f_corridor_255_SW_open_collaboration: [(1136.34, 376.77), (1154.35, 466.82), (1316.45, 439.81), (1311.95, 57.07), (1212.88, 57.07), (1217.39, 358.76), (1136.3333, 376.7701), (1158.85, 466.82)]
tcs_2f_corridor_207_NE_corridor: [(-264.04, -204.1), (-457.66, -204.1), (-448.65, 354.25), (-534.21, 354.25), (-534.21, -208.6), (-799.87, -204.1), (-799.87, -267.13), (532.96, -267.13), (532.96, -204.1), (-264.04, -204.1), (-259.53, 48.06), (758.1, 43.56), (753.6, 124.61), (-259.53, 133.62)]
