tcs_1f_room_165_SE_conference: [(591.45, 82.705), (703.7, 82.83), (703.7, 90.455), (707.45, 90.455), (707.2, 140.455), (587.95, 139.955), (587.95, 90.455), (591.7, 90.455), (591.45, 82.205)]
tcs_1f_room_164_SE_conference: [(711.45, 83.455), (775.95, 83.455), (775.45, 128.455), (772.45, 140.455), (711.95, 139.955), (711.45, 82.955)]
tcs_1f_room_166_SE_office: [(586.6, 143.477), (637.1, 143.477), (637.1, 173.727), (586.6, 173.727), (586.6, 143.477)]
tcs_1f_room_167_SE_office: [(587.35, 176.477), (637.1, 177.227), (637.35, 210.977), (586.85, 210.477), (586.85, 203.227), (591.6, 202.977), (591.85, 195.227), (586.85, 195.227), (587.35, 176.727)]
tcs_1f_corridor_150_SE_kitchen: [(586.624, 214.637), (637.124, 214.637), (637.124, 260.137), (586.624, 260.137), (586.624, 214.637)]
tcs_1f_room_160_SE_office: [(922.749, 168.387), (904.999, 217.887), (874.249, 210.887), (886.499, 157.887), (921.499, 166.137), (920.999, 167.387), (922.999, 168.387)]
tcs_1f_room_161_SE_office: [(851.749, 150.387), (882.499, 157.387), (870.749, 210.387), (839.749, 202.387), (851.749, 150.387)]
tcs_1f_room_162_SE_office: [(848.249, 149.637), (837.249, 197.637), (824.499, 194.637), (823.499, 199.887), (805.249, 194.887), (817.499, 141.887), (848.249, 149.387)]
tcs_1f_room_163_SE_office: [(778.249, 133.387), (813.499, 141.637), (801.999, 194.887), (775.999, 188.637), (775.999, 141.387), (777.999, 133.137)]
tcs_1f_room_171_SW_office: [(717.999, 290.137), (755.749, 290.137), (755.749, 346.887), (717.999, 346.887), (717.999, 290.137)]
tcs_1f_room_170_SW_office: [(714.374, 289.887), (714.124, 308.137), (703.624, 308.137), (703.874, 315.637), (714.374, 315.387), (714.124, 346.637), (680.124, 346.387), (680.124, 289.387), (714.374, 288.887)]
tcs_1F_room_107_SW_other: [(680.262, 375.648), (697.137, 375.648), (697.137, 384.523), (680.262, 384.523), (680.262, 375.648)]
tcs_1F_room_108_SW_other: [(752.262, 350.398), (752.512, 378.648), (700.762, 378.648), (700.762, 371.773), (680.262, 372.023), (680.137, 350.398), (752.262, 350.398)]
tcs_1f_room_172_SW_conference: [(796.762, 289.523), (810.387, 326.773), (781.887, 337.273), (781.762, 346.648), (759.512, 346.773), (759.512, 289.148), (796.887, 289.523)]
tcs_1F_room_103_NW_other: [(419.061, 368.456), (438.811, 368.456), (438.811, 385.831), (419.061, 385.831), (419.061, 368.456)]
tcs_1F_room_104_NW_other: [(421.061, 334.706), (438.811, 334.706), (438.811, 364.456), (421.061, 364.456), (421.061, 334.706)]
tcs_1F_room_106_NW_other: [(389.436, 334.581), (414.936, 334.581), (414.936, 385.831), (389.436, 385.831), (389.436, 334.581)]
tcs_1F_room_105_NW_other: [(390.686, 311.268), (438.936, 311.268), (438.936, 330.893), (390.686, 330.893), (390.686, 311.268)]
tcs_1f_corridor_100_NW_restroom_corridor: [(442.361, 311.069), (463.111, 311.069), (463.111, 389.319), (442.361, 389.319), (442.361, 311.069)]
tcs_1F_room_102_NW_other: [(583.861, 343.819), (472.611, 343.819), (472.611, 335.319), (466.861, 335.319), (466.861, 310.819), (589.39166, 308.15674), (583.611, 344.069)]
tcs_1F_room_101_NW_other: [(584.861, 386.069), (467.111, 386.569), (466.861, 360.319), (472.611, 360.319), (473.111, 350.569), (583.611, 351.569), (584.111, 386.069)]
tcs_1f_corridor_168_SE_open_collaboration: [(903.709, 221.821), (873.709, 303.321), (813.209, 325.821), (798.209, 286.821), (675.709, 286.321), (655.3626, 286.1674), (655.709, 265.321), (649.209, 206.821), (640.209, 206.821), (640.709, 143.321), (760.209, 142.821), (760.209, 187.321), (903.209, 221.321)]
tcs_1f_corridor_100_SW_entry_corridor: [(631.45, 389.455), (630.95, 308.955), (676.45, 309.955), (676.95, 419.955), (674.95, 420.455), (715.45, 431.455), (705.95, 480.955), (715.95, 482.955), (712.95, 497.955), (630.44806, 483.0546)]
tcs_1f_corridor_100_NW_corridor: [(349.2073, 334.9571), (387.9073, 334.9571), (385.7573, 388.69693), (630.8473, 390.84692), (630.8473, 483.29697), (585.6973, 474.697), (340.60733, 476.847), (342.75732, 431.69696), (351.3573, 431.69696), (351.3573, 332.8071), (385.7573, 334.9571)]
tcs_1f_corridor_169_SW_entry_corridor: [(588.0, 272.9), (654.34, 266.86615), (654.34, 284.96), (677.25, 287.37), (677.25, 309.08), (650.72, 311.5), (648.31, 305.47), (589.39166, 308.15674), (589.21, 271.69)]
