tcs_4f_room_422_NW_office: [(-34.0, 153.5), (51.0, 153.5), (51.0, 198.5), (-34.0, 198.5), (-34.0, 153.5)]
tcs_4f_room_421_NW_office: [(-34.0, 203.0), (51.5, 203.5), (51.5, 249.0), (-26.0, 248.5), (-26.0, 246.5), (-34.0, 247.0), (-34.5, 202.5)]
tcs_4f_room_423_NE_office: [(-34.0, 103.5), (51.0, 103.5), (51.0, 149.0), (-34.0, 149.0), (-34.0, 103.5)]
tcs_4f_room_424_NE_office: [(51.5, 54.5), (51.5, 99.0), (-23.0, 99.0), (-22.5, 92.0), (-34.0, 92.5), (-34.5, 53.5), (51.5, 53.5)]
tcs_4f_room_426_NE_office: [(23.0, -56.5), (73.5, -56.5), (73.5, 22.0), (23.0, 22.0), (23.0, -56.5)]
tcs_4f_room_420_NW_office: [(-35.002, 255.5), (-26.502, 255.0), (-26.002, 253.0), (71.498, 252.5), (70.998, 297.5), (-34.002, 297.5), (-35.002, 255.0)]
tcs_4f_room_425_NE_office: [(-34.002, -48.001), (-26.002, -49.501), (-26.002, -57.001), (17.498, -57.501), (16.998, 21.499), (-34.002, 21.499), (-34.502, -50.501)]
tcs_4f_room_427_NE_office: [(77.998, -56.001), (128.998, -56.001), (128.998, 21.499000000000002), (77.998, 21.499000000000002), (77.998, -56.001)]
tcs_4f_room_440_NE_office: [(295.499, -48.001), (299.999, -49.001), (300.499, -56.501), (346.0, -57.501), (346.0, 21.999), (303.499, 21.999), (302.999, 16.999), (295.499, 17.499), (295.499, -49.501)]
tcs_4f_room_441_NE_office: [(351.0, -56.501), (400.0, -56.501), (400.0, 21.999000000000002), (351.0, 21.999000000000002), (351.0, -56.501)]
tcs_4f_room_442_NE_office: [(403.69143676757807, -56.472900390625), (452.69143676757807, -56.472900390625), (452.69143676757807, 22.027099609375), (403.69143676757807, 22.027099609375), (403.69143676757807, -56.472900390625)]
tcs_4f_room_443_SE_office: [(456.87445068359375, -56.444801330566406), (505.87445068359375, -56.444801330566406), (505.87445068359375, 22.055198669433594), (456.87445068359375, 22.055198669433594), (456.87445068359375, -56.444801330566406)]
tcs_4f_corridor_444_SE_lab_space: [(512.5, -56.501), (562.5, -56.501), (562.5, 5.499000000000002), (512.5, 5.499000000000002), (512.5, -56.501)]
tcs_4f_room_445_SE_office: [(567.001, -57.001), (614.501, -57.001), (614.001, -45.001), (616.501, -44.501), (616.501, 21.999), (567.001, 21.499), (567.501, -57.501)]
tcs_4f_room_446_SE_office: [(670.501, -56.501), (670.501, 21.499), (621.001, 21.499), (621.001, -45.001), (623.501, -45.001), (623.501, -57.501), (670.501, -57.001)]
tcs_4f_room_447_SE_office: [(675.501, -56.501), (725.001, -56.501), (725.001, 21.499000000000002), (675.501, 21.499000000000002), (675.501, -56.501)]
tcs_4f_room_448_SE_office: [(729.001, -57.001), (776.502, -57.001), (776.502, -48.501), (786.002, -49.001), (785.502, -57.001), (805.502, -57.501), (805.502, 11.499), (803.502, 11.999), (803.502, 21.999), (729.001, 21.999), (729.501, -56.501)]
tcs_4f_room_461_SE_office: [(916.002, 20.999), (967.502, 21.499), (968.002, 50.499), (965.002, 50.499), (966.002, 57.999), (975.502, 57.499), (970.502, 111.499), (915.502, 111.499), (916.502, 20.499)]
tcs_4f_room_462_SE_office: [(868.502, 21.999), (912.002, 21.999), (912.002, 110.999), (868.502, 110.999), (868.502, 21.999)]
tcs_4f_room_463_SE_office: [(820.002, 21.999), (863.502, 21.999), (863.502, 110.999), (820.002, 110.999), (820.002, 21.999)]
tcs_4f_room_449_SE_office: [(816.002, 26.499), (816.002, 99.999), (786.002, 99.499), (786.002, 94.999), (762.501, 93.999), (762.501, 25.999), (816.002, 26.499)]
tcs_4f_room_417_NW_office: [(183.499, 392.501), (183.499, 470.501), (126.499, 470.501), (126.999, 413.001), (139.499, 412.501), (139.499, 397.001), (138.499, 397.001), (138.499, 391.501), (182.999, 391.501)]
tcs_4f_room_416_NW_office: [(188.499, 392.001), (237.999, 392.001), (237.999, 470.501), (188.499, 470.501), (188.499, 392.001)]
tcs_4f_room_415_NW_office: [(242.499, 391.001), (289.999, 391.001), (289.499, 407.501), (291.999, 408.001), (291.999, 461.501), (289.499, 461.501), (289.499, 471.001), (241.999, 470.501), (242.499, 392.001)]
tcs_4f_room_412_NW_office: [(405.0, 391.501), (452.5, 391.501), (452.0, 408.001), (454.5, 408.501), (454.5, 462.001), (452.0, 462.001), (452.0, 471.501), (404.5, 471.001), (405.0, 392.501)]
tcs_4f_room_414_NW_office: [(346.0, 392.001), (346.5, 471.001), (298.999, 470.001), (298.999, 461.001), (296.499, 460.501), (296.499, 408.001), (300.499, 408.001), (299.999, 392.001), (346.0, 392.001)]
tcs_4f_room_413_NW_office: [(350.0, 392.001), (400.0, 392.001), (400.0, 470.001), (350.0, 470.001), (350.0, 392.001)]
tcs_4f_room_411_NW_office: [(510.501, 390.501), (510.501, 480.001), (460.0, 470.501), (460.0, 461.501), (457.5, 461.001), (457.5, 408.501), (460.5, 409.001), (460.5, 391.501), (510.001, 391.501)]
TCS_4F_room_406_NW_other: [(190.499, 281.5), (222.999, 281.5), (222.999, 351.5), (190.499, 351.5), (190.499, 281.5)]
TCS_4F_room_404_NW_other: [(228.999, 282.5), (255.499, 282.5), (255.499, 323.0), (228.999, 323.0), (228.999, 282.5)]
TCS_4F_room_403_NW_other: [(228.499, 327.5), (255.999, 327.5), (255.999, 352.0), (228.499, 352.0), (228.499, 327.5)]
TCS_4F_room_405_NW_other: [(189.999, 250.5), (255.499, 250.5), (255.499, 277.5), (189.999, 277.5), (189.999, 250.5)]
tcs_4f_room_432_NW_conference: [(188.999, 160.0), (256.499, 160.0), (256.499, 246.0), (188.999, 246.0), (188.999, 160.0)]
TCS_4F_room_402_NW_other: [(449.5, 257.5), (450.0, 296.0), (299.499, 296.5), (299.499, 284.5), (290.499, 284.5), (290.999, 259.0), (299.499, 258.5), (299.499, 257.0), (448.5, 257.5)]
TCS_4F_room_401_NW_other: [(300.999, 304.5), (452.0, 304.5), (451.5, 344.0), (301.499, 344.0), (300.999, 341.5), (293.499, 341.5), (292.999, 316.0), (300.999, 316.0), (301.499, 303.5)]
tcs_4f_corridor_434_NW_open_office: [(385.75, 150.25), (427.0, 150.25), (427.0, 159.5), (385.75, 159.5), (385.75, 150.25)]
tcs_4f_room_433_NE_office: [(381.75, 98.499), (381.25, 159.5), (292.499, 159.5), (292.499, 104.499), (300.499, 104.499), (300.249, 96.999), (331.999, 96.999), (332.499, 98.249), (381.0, 98.249)]
tcs_4f_corridor_455_NE_huddle_space: [(336.749, 61.749), (380.499, 61.749), (380.499, 93.749), (336.749, 93.749), (336.749, 61.749)]
tcs_4f_room_454_NE_office: [(385.5, 61.499), (449.5, 61.499), (449.5, 145.999), (385.5, 145.999), (385.5, 61.499)]
tcs_4f_room_453_SE_office: [(517.75, 60.749), (517.75, 145.749), (453.75, 145.499), (454.0, 103.249), (461.25, 103.249), (461.25, 93.999), (454.0, 93.999), (454.0, 60.249), (517.5, 60.249)]
tcs_4f_room_457_SW_office: [(432.25, 149.749), (517.75, 149.749), (517.75, 195.499), (432.25, 195.499), (432.25, 149.749)]
tcs_4f_room_458_SW_office: [(432.25, 200.0), (511.25, 200.0), (511.25, 245.0), (432.25, 245.0), (432.25, 200.0)]
tcs_4f_corridor_452_SW_open_office: [(558.75, 61.249), (717.251, 61.249), (717.251, 222.75), (558.75, 222.75), (558.75, 61.249)]
tcs_4f_corridor_464_SW_kitchen: [(818.752, 165.25), (807.752, 246.25), (770.751, 240.25), (781.751, 159.249), (818.752, 164.75)]
tcs_4f_room_460_SW_conference: [(967.252, 167.25), (968.252, 250.25), (827.252, 274.75), (820.752, 252.25), (823.752, 230.75), (814.252, 229.75), (820.752, 181.75), (830.252, 182.25), (832.752, 167.25), (967.252, 167.25)]
tcs_4f_room_431_NE_office: [(88.748, 98.249), (127.248, 98.249), (127.248, 104.749), (149.249, 104.749), (149.749, 196.25), (89.248, 195.75), (88.748, 97.249)]
tcs_4f_corridor_431A_NW_kitchen: [(89.248, 200.25), (148.248, 200.25), (148.248, 246.25), (89.248, 246.25), (89.248, 200.25)]
tcs_4f_corridor_430_NW_mail_room: [(75.75, 254.25), (126.75, 254.25), (126.75, 298.25), (75.75, 298.25), (75.75, 254.25)]
tcs_4f_corridor_407_SE_corridor: [(289.0, 27.0), (760.0, 25.0), (759.0, 57.0), (556.5, 58.0), (553.625, 224.25), (522.688, 223.375), (521.75, 57.5), (333.0, 57.0), (333.0, 95.0), (289.0, 94.0), (289.0, 26.0)]
tcs_4f_corridor_407_NE_corridor: [(-33.5, 26.5), (136.0, 26.5), (137.0, 94.0), (84.5, 94.0), (85.5, 249.5), (56.0, 249.0), (56.0, 49.0), (-34.0, 49.5), (-34.0, 25.5)]
tcs_4f_corridor_400_NW_restroom_corridor: [(260.13, 160.17), (288.89, 160.17), (287.29, 350.35), (287.29, 356.74), (260.13, 355.14), (260.13, 160.17)]
tcs_4f_corridor_407A_NE_open_collaboration: [(137.07, 29.13), (287.28812, 29.13), (288.88812, 155.38), (151.45, 156.98), (153.05, 91.45), (132.28, 93.05), (133.87, 29.13)]
tcs_4f_corridor_400_SW_entry_corridor: [(515.82, 228.89), (718.78, 228.89), (718.78, 291.22), (704.4, 294.41), (594.13, 297.61), (594.13, 411.07), (512.63, 411.07), (517.42, 230.49)]
tcs_4f_corridor_468_SW_open_collaboration: [(723.58, 59.49), (755.54, 57.8919), (755.54, 115.43), (963.29, 117.02), (964.89, 163.37), (835.44, 163.37), (777.91, 152.18), (765.13, 243.27), (814.67, 251.26), (825.85, 275.24), (721.98, 291.22), (718.78, 228.89), (725.17, 228.89), (723.5719, 59.491898)]
tcs_4f_corridor_407_NW_corridor: [(153.05, 163.37), (185.01, 163.37), (185.0181, 356.74188), (509.4319, 356.74188), (512.63, 388.7), (137.07, 387.1), (138.67, 350.35), (153.05, 350.35), (153.05, 163.37)]
