tcs_3f_room_325_NE_office: [(130.21, 116.998), (153.71, 116.998), (153.71, 152.998), (130.21, 152.998), (130.21, 116.998)]
tcs_3f_room_326_NE_office: [(155.7100067138672, 116.99800109863281), (179.2100067138672, 116.99800109863281), (179.2100067138672, 152.9980010986328), (155.7100067138672, 152.9980010986328), (155.7100067138672, 116.99800109863281)]
tcs_3f_room_327_NE_office: [(181.10130926030558, 116.99800109863283), (204.60130926030558, 116.99800109863283), (204.60130926030558, 152.9980010986328), (181.10130926030558, 152.9980010986328), (181.10130926030558, 116.99800109863283)]
tcs_3f_room_324_NE_office: [(130.2100067138672, 167.9980010986328), (169.7100067138672, 167.9980010986328), (169.7100067138672, 188.4980010986328), (130.2100067138672, 188.4980010986328), (130.2100067138672, 167.9980010986328)]
tcs_3f_room_323_NE_office: [(130.71007, 189.6776), (170.21007, 189.6776), (170.21007, 210.1776), (130.71007, 210.1776), (130.71007, 189.6776)]
tcs_3f_room_320_NW_office: [(130.21, 260.498), (179.71, 260.498), (179.71, 281.998), (130.21, 281.998), (130.21, 260.498)]
tcs_3f_room_322_NW_office: [(130.21, 214.498), (170.21, 214.498), (170.21, 235.498), (137.71, 235.498), (137.71, 234.498), (130.21, 234.498), (130.21, 214.998)]
tcs_3f_room_321_NW_office: [(129.71, 235.998), (136.21, 235.998), (136.21, 237.498), (170.21, 237.498), (170.21, 258.998), (133.71, 258.998), (133.71, 257.498), (130.21, 257.498), (130.21, 236.498)]
tcs_3f_room_332_NE_office: [(187.7100067138672, 171.9980010986328), (214.7100067138672, 171.9980010986328), (214.7100067138672, 189.9980010986328), (187.7100067138672, 189.9980010986328), (187.7100067138672, 171.9980010986328)]
tcs_3f_room_331_NE_office: [(187.2100067138672, 191.4980010986328), (214.7100067138672, 191.4980010986328), (214.7100067138672, 233.9980010986328), (187.2100067138672, 233.9980010986328), (187.2100067138672, 191.4980010986328)]
tcs_3f_corridor_331A_NW_kitchen: [(187.21, 235.498), (214.71, 235.498), (214.71, 257.998), (187.21, 257.998), (187.21, 235.498)]
tcs_3f_room_330_NW_office: [(180.71000671386722, 259.99798583984375), (204.71000671386722, 259.99798583984375), (204.71000671386722, 280.99798583984375), (180.71000671386722, 280.99798583984375), (180.71000671386722, 259.99798583984375)]
tcs_3f_room_340_NE_office: [(282.363, 117.721), (282.363, 152.221), (291.863, 151.721), (292.363, 153.721), (306.363, 153.721), (306.363, 117.221), (281.863, 117.221)]
tcs_3f_room_341_NE_office: [(307.863, 116.721), (330.863, 116.721), (330.863, 154.221), (307.863, 154.221), (307.863, 116.721)]
tcs_3f_room_342_NE_office: [(332.863, 117.721), (355.863, 117.721), (355.863, 154.221), (332.863, 154.221), (332.863, 117.721)]
tcs_3f_room_343_SE_office: [(357.8630065917969, 118.22100067138672), (381.3630065917969, 118.22100067138672), (381.3630065917969, 154.22100067138672), (357.8630065917969, 154.22100067138672), (357.8630065917969, 118.22100067138672)]
tcs_3f_corridor_344_SE_visitor_space: [(382.8630065917969, 117.22100067138672), (406.3630065917969, 117.22100067138672), (406.3630065917969, 146.72100067138672), (382.8630065917969, 146.72100067138672), (382.8630065917969, 117.22100067138672)]
tcs_3f_room_345_SE_office: [(407.86300659179693, 117.22100067138672), (431.36300659179693, 117.22100067138672), (431.36300659179693, 153.72100067138672), (407.86300659179693, 153.72100067138672), (407.86300659179693, 117.22100067138672)]
tcs_3f_room_346_SE_office: [(432.86300659179693, 117.22100067138672), (456.36300659179693, 117.22100067138672), (456.36300659179693, 153.72100067138672), (432.86300659179693, 153.72100067138672), (432.86300659179693, 117.22100067138672)]
tcs_3f_room_347_SE_office: [(458.3630065917968, 116.72100067138672), (481.8630065917968, 116.72100067138672), (481.8630065917968, 153.22100067138672), (458.3630065917968, 153.22100067138672), (458.3630065917968, 116.72100067138672)]
tcs_3f_room_348_SE_office: [(483.86300659179693, 116.7525634765625), (519.3630065917969, 116.7525634765625), (519.3630065917969, 151.2525634765625), (483.86300659179693, 151.2525634765625), (483.86300659179693, 116.7525634765625)]
tcs_3f_room_317_NW_office: [(203.363, 334.721), (210.363, 334.221), (210.363, 324.721), (231.363, 324.221), (231.363, 361.221), (203.363, 360.721), (203.363, 334.721)]
tcs_3f_room_316_NW_office: [(232.86300659179685, 324.22100830078125), (255.86300659179685, 324.22100830078125), (255.86300659179685, 360.72100830078125), (232.86300659179685, 360.72100830078125), (232.86300659179685, 324.22100830078125)]
tcs_3f_room_315_NW_office: [(257.3630065917969, 324.22100830078125), (280.3630065917969, 324.22100830078125), (280.3630065917969, 360.72100830078125), (257.3630065917969, 360.72100830078125), (257.3630065917969, 324.22100830078125)]
tcs_3f_room_314_NW_office: [(281.7747802734375, 324.22100830078125), (304.7747802734375, 324.22100830078125), (304.7747802734375, 360.72100830078125), (281.7747802734375, 360.72100830078125), (281.7747802734375, 324.22100830078125)]
tcs_3f_room_313_NW_office: [(307.8630065917969, 323.72100830078125), (331.8630065917969, 323.72100830078125), (331.8630065917969, 361.22100830078125), (307.8630065917969, 361.22100830078125), (307.8630065917969, 323.72100830078125)]
tcs_3f_room_312_NW_office: [(332.8630065917969, 324.22100830078125), (356.3630065917969, 324.22100830078125), (356.3630065917969, 361.72100830078125), (332.8630065917969, 361.72100830078125), (332.8630065917969, 324.22100830078125)]
tcs_3f_room_311_NW_office: [(381.863, 324.221), (382.363, 365.721), (357.863, 361.721), (357.863, 324.221), (382.363, 324.221)]
tcs_3f_room_310_SW_conference: [(435.34, 334.764), (435.34, 374.764), (383.84, 365.264), (383.34, 333.764), (435.34, 334.264)]
tcs_3f_corridor_350_SW_open_office: [(402.34, 171.764), (477.84, 171.764), (477.84, 243.264), (439.34, 243.264), (438.84, 260.264), (402.34, 260.264), (402.34, 171.264)]
tcs_3f_corridor_353_SE_open_office: [(347.8399963378906, 171.76400756835938), (383.3399963378906, 171.76400756835938), (383.3399963378906, 205.26400756835938), (347.8399963378906, 205.26400756835938), (347.8399963378906, 171.76400756835938)]
tcs_3f_room_355_SW_office: [(347.8399963378906, 207.26400756835938), (383.3399963378906, 207.26400756835938), (383.3399963378906, 231.76400756835938), (347.8399963378906, 231.76400756835938), (347.8399963378906, 207.26400756835938)]
tcs_3f_corridor_357_SW_open_office: [(347.8399963378906, 232.76400756835938), (383.3399963378906, 232.76400756835938), (383.3399963378906, 257.2640075683594), (347.8399963378906, 257.2640075683594), (347.8399963378906, 232.76400756835938)]
tcs_3f_room_358_NE_conference: [(283.84, 174.264), (283.84, 191.764), (281.84, 191.764), (281.84, 255.264), (345.84, 255.264), (345.84, 174.264), (321.84, 174.264), (321.84, 177.764), (305.84, 177.764), (305.84, 174.264), (283.84, 174.264), (283.84, 191.764)]
tcs_3F_room_306_NW_other: [(233.34, 273.764), (249.34, 273.764), (249.34, 306.264), (233.34, 306.264), (233.34, 273.764)]
tcs_3F_room_305_NW_other: [(233.84, 259.264), (264.34000000000003, 259.264), (264.34000000000003, 271.764), (233.84, 271.764), (233.84, 259.264)]
tcs_3F_room_304_NW_other: [(252.59, 273.514), (264.59000000000003, 273.514), (264.59000000000003, 293.014), (252.59, 293.014), (252.59, 273.514)]
tcs_3F_room_303_NW_other: [(251.58999633789062, 294.2640075683594), (264.5899963378906, 294.2640075683594), (264.5899963378906, 306.2640075683594), (251.58999633789062, 306.2640075683594), (251.58999633789062, 294.2640075683594)]
tcs_3f_room_361_SE_office: [(569.25, 153.5), (594.25, 153.25), (594.25, 167.5), (592.5, 167.5), (592.5, 170.25), (597.0, 169.75), (594.75, 195.25), (569.25, 195.25), (569.25, 153.5)]
tcs_3f_room_362_SE_office: [(547.25, 153.5), (567.5, 153.5), (567.5, 195.25), (547.25, 195.25), (547.25, 153.5)]
tcs_3f_room_363_SE_office: [(525.0, 153.5), (545.25, 153.5), (545.25, 195.25), (525.0, 195.25), (525.0, 153.5)]
tcs_3f_room_349_SE_office: [(498.25, 155.75), (523.25, 155.5), (523.25, 190.0), (509.25, 190.0), (509.0, 187.25), (498.0, 187.25), (498.0, 156.0)]
tcs_3F_room_302_NW_other: [(281.25, 259.0), (281.5, 274.25), (285.0, 274.5), (285.0, 279.75), (355.0, 280.0), (355.25, 258.5), (281.25, 258.5)]
tcs_3F_room_301_NW_other: [(285.25, 284.0), (355.0, 284.25), (355.0, 306.25), (281.25, 306.25), (281.5, 289.25), (285.0, 289.25), (285.25, 283.5)]
tcs_3f_corridor_300_NW_restroom_corridor: [(265.897, 259.122), (280.897, 259.122), (280.897, 307.122), (265.897, 307.122), (265.897, 259.122)]
tcs_3f_room_360_SW_conference: [(594.0, 220.25), (519.25, 220.0), (518.25, 227.5), (514.0, 227.0), (509.75, 256.5), (514.0, 257.0), (513.5, 262.0), (513.25, 274.25), (594.25, 260.0), (594.25, 220.0)]
tcs_3F_room_308_NW_other: [(209.5, 275.5), (214.75, 275.5), (214.75, 303.75), (209.5, 303.75), (209.5, 275.5)]
tcs_3f_corridor_307_NE_corridor: [(130.40839, 155.48912), (345.5287, 156.01537), (345.52866, 168.74771), (184.95705, 169.76776), (186.25575, 258.0789), (171.9683, 258.0789), (170.6683, 165.87778), (130.40839, 165.87778), (130.4071, 155.48784)]
tcs_3f_corridor_307A_NE_open_collaboration: [(216.43077, 171.90671), (280.06073, 171.90671), (280.06076, 206.9627), (216.43077, 206.9667), (216.42207, 170.59929)]
tcs_3f_corridor_300_SE_corridor: [(495.80795, 156.1706), (495.80795, 169.16188), (399.70813, 169.16188), (399.70813, 221.1093), (384.11945, 221.1093), (384.11945, 169.1593), (347.023, 168.38553), (347.7966, 155.6184)]
tcs_3f_corridor_300_SW_entry_corridor: [(385.56476, 221.58188), (399.84476, 221.58188), (401.14474, 263.14072), (420.6248, 263.1319), (420.6248, 333.26178), (384.26752, 337.15918), (385.56476, 221.58188)]
tcs_3f_corridor_300A_SW_entry_corridor: [(422.61572, 262.06317), (442.097, 262.06186), (442.097, 246.47318), (478.4568, 246.4732), (478.46564, 280.24182), (421.31702, 280.2431), (421.31702, 263.36188)]
tcs_3f_corridor_364_SW_open_collaboration: [(481.3067, 169.32779), (496.8867, 169.32779), (498.18668, 197.89647), (594.2866, 197.89903), (594.28796, 219.97775), (521.56665, 221.27646), (511.1767, 216.07774), (504.67667, 260.23776), (515.06665, 262.82776), (515.06665, 273.21774), (480.00668, 279.71902), (480.008, 169.32779)]
tcs_3f_corridor_307_NW_corridor: [(215.937, 208.257), (278.612, 208.257), (278.612, 257.778), (229.865, 256.231), (231.413, 308.073), (383.071, 308.073), (383.071, 322.775), (208.973, 322.001), (208.973, 305.752), (216.711, 304.978), (215.937, 207.483)]
